1,43444444444443444444444444444444444444444344444444444442100000000000000000000070000000000000000000007000000000066
1,5565655656565555556565665442212122111121111212121213454444444445444444444444544444444444444444444444444444444444442201000000000000000000000000000000000000000001000000001000000000100076
1,554545445555565534111234444445444444444444444444444544444444544444544566562322222222017567100100000000010000000000000000000000100000000100001011010007
1,5555455454454555545565545454532101011111111110010101013445444444454444444453544444444444444444444444444444444422100000000000000000000000000000000000000010000000010000010000006
1,553444444444544544554556533111112344444344444434444443444444444444444444422000000000000000000000070000007000007000000700000000000100070
1,4565555555555555553412111111111344544544444544444444444444544444544422200000010000100000000000000001001001010100010006
1,454454454454454455555565655331112111201134445444444444444445444444566666666666666665422222223222222222322112122222322222222212000565666666676666665667100000000000000010000000100001000000100001066
1,54554445445454445454545455455542310110110101010100100101000123444423544344443444344354434434443443443434443442354334556565656566653421222112121211211111111110111010121712006456555455554555555557070070070007077170070007000070007000070000700007000070066
1,54555455545554545454545455454454565432111011001010101010101101110113444454444444544444444444444444444444444444444444444445666566666666666666665666666666543122222222122222222222222222122322212222222122222222222212222121212120765575565666666666566666666666666700000000000000000000000000000000000000000000100000010000100066
1,56454455456556555556544311111211112012013444444444444444444444444444444444444454444444444422200000000000000000001000000000000000000000007000000000000
1,5545445454454555554554454544454454454545455553421111010010101001000101001011111100101344444444444444444444444444444444444444444444444444444444444445666665643222222222222222222222100666666666666700000000000000000000000000000000000000000000000000000000000000000000000
1,5545454454455455455442201110101101000134443444444444444344444444444344444444344445666656566656666565634212122221222121222212212221222212212121221200666565566566566665666707100000700000700000000000000700000000070000006
1,545444544455545545565556556432112111211101344444444444444444443444444444444444343444344444222000070070007007000000000000007000100000000000000100010010000000166
1,45555455545555545444422001010121101101134434443444434443444434444434444443444444443444444456656666566666666666666665643222222212222222222222222222212222232222222222221076666666666666676670000070000007000000070000700000070007000700007000700000006
1,545554454555442211011710134444444444445444444444352220700000001000000000000000000006
1,5545454555545556555454545444220100101111111111011344444444444444444444444444444444444444444444444444444444454444566666666666666666666666666544222222222222222222222222222222222222222222222122222222222222222212222222006666666666666666666666656666666666666666700000000001000070000000000000000000000000010000000000000000000000000007
1,556545653311113444444344444444444444344444443444444444444444444444445444444444422100000000000000000000000000000000000700000007000000000000007000000006
1,445444545454543210101013344344434444434444444434444444434443543444444454566664422223221222006670000000000000070000070000000700000000700000700700700700706
1,444222223444444444444444444444444444444444444444444444444444444444444444444444544222000000000000000000000000000000000000000000000000000000000000000000000000006767666
1,5544544545555554545454222001011111134454444444444444444444444444444444444444221000000000000000000000000000000000000000100000000000
1,444444555455554532111011134444444444444444444444444444444444444444444422000000000000000000000010000000000000000700000000000000066
1,45454545454555455454544556565544421111221100101010111011013444444444444444444444444444444444444444444443201000000000000000000000000007100000000000000000000000076
1,4444555555565664442122111234444443544434444444444444444444444444556666442222222222222222221300666666676667000000000000000000000000000000700000010000100171066
1,55544454445454555454545445445444443210000001001001011110101344444344444444444444444444444444444444444444444321000000000000000000000000000000000000007000000000000000000007
1,44444445444545565634212111344444445444444444444445444444444444220000010000000000010000000000000000000000000000000066
1,4545455455555565555565442211112111211110113444444444444444444444444444443444444220000000000000000000710700000000000000000000006
0,56666665665545556565655654544445444445354444444544444444444443444443433223232232332322222221222122222221222221221221221212101010101010101000000000707070700707777777070777667667777767667676
0,55565356454444454444444444444444444444444444434444444344333323223222222131110111001000100010000000000000000007170007071700706777676767576670
0,5655655565556555545545454454454444444434344344334333223223232232222222222222322222132132122221121112111101111011010000707777777707707767777070776766676766666657676666
0,54545554545544544535454444444444444444444434334334333332332223222221212121212111010100100000000000000070071700707070707770770677777666666666
0,56564564554555454445444444444444444343443434343332322232221211212121111201710000100000000700006710070770777077676666676
0,55356665665665665665566566555545454445444444443444434434343333423232222222221222222121221211211010010010000100000071707007070777077070770
0,5656565565555454545445444544444454444444344443433343232331322322212222222221221212110110000100000001070717070707770770770776776767770
0,5666656566656665665656656556556555455555454544444343434343443434334343433433433333223223223222222212222122212122112120111001000001000000000070000070007000700707707007077776767700
0,566665656566565655655655454553554444454444444444444443444434434434343434343343433233232322232222222222222222212212121201110101101110101010100100010000000007000707070770707776776777767777767676666776
0,5665556555545545354454423564343433423222222221221110100100001000000000700777677
0,565655655564555455454454444454444444434343343343332323232222222222212212211211010100100000000067107070777077077000707707766676
0,564444444444444444444444444444444444444444444444444442342222222222222222222222122222222122222221222210000000000000000000000000000000000000000000000077666667666666666666666666666666666666666666
0,56556556556554545454454444444444343444344443443342332232232222222222212121111101011011100100000000000000007707700770767676667666666666
0,566565655545454554545545534444444444454444343343332332323323233223220131112111211212111112012070700670070070707707077707707770777776766
0,555455565565555454545444545444454444354354444434434333323232322322232222222222222122112100101111101001001000000000000007707070707707007007077667666666666666
0,5655545454544454444443534232332232222222122212120110110100700007007007777666666666666
0,5666665666565555545556555555545454454454444444444434434434333323233233232322232222222223222222212222221221211121110100100001000007107107007000070000070700000700707676667666667576666575
0,5665756666656665654575554553564444544544444444444444444444444444444344443443434334344443434433232323322323232223222222222222212212221222122122121121111011100010110001001000000000000000000000000000700070000007000770776767677676767676666667666666666666666666
0,545555445454545454455555554544544443444343434343342332222222221212212121110101010111011011001001000000000007070777767766766765765766
0,555455445454454454444444444444344444444344443435343433433543323234323222222111110101101001101000000000000000000000000007000007000070707000770666666666666666666
0,564565555555545455455445445444445444444444343434333343234323323323222222322222222223212222212111101000000000000007000700700707071707707077077770777767766766676
0,56666656656554545555655454444444444444443443434434343433232332323222222222222221121111111000000000000000007007007070070707707070077676666
0,54545444444444444444444443444434444434444344443344433432232222121211101010000000100000000007000007007070077070777677677676776
0,5666565656565565556555656555455455444445444444444444443443434343233323223233232222322222222221321322222212212212212112010000000000000707070077070070000070007000070707777707676766666
0,5566545444543564454445444454444444444444444444443534434333433333332232221212012012712071010000000070000070000007000000000070000070000700070767666666
0,566555655554555555544444444444344334333433323222322232222222222222222212222221222122111120111011001000000076777077077676777776677766666666666666666666
3,4422222222232222222232222234555655656565656566444232222232232322334343434443444444454545556566666666767667676676764532222332322323132222222212111101100000000000700070707067066766766766712121211212112111007667666667666666666766666666
3,5665565655555432110121211212212222222222222232233233433234344444445565656656556565655553222232323232323233232323334444444455555656556556565666566666666666666766666777000000765444444434233322222222222222222222222122121212112112121111010000000707077676767676767767676771212121212121212101000000700777777777676766666666666666666
3,5666654421222212222222222222232232223333344445556556556565565565655656566556556656656444212221222221222222222222222222222322323334444444444554545455555555556555656666666666444222222122221211121112111111010101010100000000000077677666766766566666666666666712121211212112112121121121201101007070776776676676666666666666666
3,4422222222222222222222355555656556545454555543222122222222233333434444444556556565666666666777776444333323222222222121121211201000000000070777777666666667101011212121111111107666666666666666666666666
3,5653412122222222222222222232333444444444545454545455555555566342222212221222222222223233334344444444544554565556556556565556566566566656656666666676754332222222222212212221221221211121211211211121111010001000007000777777667666666666666710120101010110171010000007077076676666666666666666666
3,56666565665442122121222212233444455555655565544422222222212222222334454445454454555565656656656666666442322122212212212211121171200101000100000707667665666656667112111211010100070767666
3,556452221122222222222222333344454545555555656656656644422122221222222222222223433344434545555565555655655656566767677676767677677706710000075454443443423332332323232332323222131211121121211111120111000007007707670666666666711111010101000000670767666666666666666
3,5666656665663440131222122222233454555556656664442222122222222333454545555545555556566666766767700666433532323223223222120122111011012110101010000767767710110007176767
3,56666665656545555545533011111011112122222212222223333443444444445445454545455555655566666664442222232232232323323333343444444456555656665656666666666667677777700766634343343323421342222222222221312212212121101201000070007707767767767676701111210110110101001000100007000707067775766666
3,566656555555554442210111111122122212222222333334434444444445545555555555656665666543221222212222222222233233334344444545656656665655656566566666676765442233222221222212121211222121221210100000000070706776776766667111111110101000000000070707777766666666666
3,44222232222222232222222223222223344544444444444444456666665666666656666665666666656234213222232322322323223234444344444444456666666666666666666666666666666444222222222222222221222222222222222100000000000000771670676766766767122122222222122222220100100000000000000000077666676666666666676666666676666
3,5665665655432112122122221222222222232333433444444444456556565666565656656665666532222222222222322222223222343444444444554556556565565566566656666666566666666443222221222222221222122122111212121211110110000000700000767676666766667121222112121201010000000070077077677666666666666666
3,55444442200012222222222322232344444444444434445666666666666664442222222222222223544445445444444456666676666666700066444442342222222222222222120000000000100010000000700000000000000000067667666766666666766
3,566665665666544312121222122222222232323444444444554545455565666566566565656665664432122212222222222222222222232233344344445555555655656565665665666666667666766767676766664423223232232322232222222222221212212212112112111110110007000707776676667666666712221211010101101100000000700677676676666
3,44222222222222322222322223235555545555655555555656566566545322322322232322323223232323332333556656566566565656656656565665653221220131212221212212122121221212211057007677776767676767667676676676671221212111211111111111111110177666766667666667666666666666
3,54232222323223222322323234444445555655556555455545322012122122122222122222222222223334444444455455555455545555554555565565442211211120111111011110111011111000100007000777666765765765666665666656711121112101100100007076766767666766766766766
3,4422222222222222235456556566435232333343444555666767676663332323222221120100000707076771210121101005705766666666666666
3,442222222223222222222222222355555565656565655655666566554321221222222223223232233344444554555656565665666666666667676776543323232322222222221221212122112110101010000077767676766766711121212122111111112107676665765676656766666666666666
3,56666564321222222222223433343445564566565665653422122222222222233344444445455555655665666666676744522322222222212211212110110101007007170767666666712112171000707077776676666
3,566543221212222222223232322332332334434444444444444455566667667776676666666543323232222223233334434444444444555656656666666667766444323222212222222121212101010000070000007071222110110000000000000700707067767767676767666666666666
3,56666666663422222222122222223223223223423333333343443444454555555456565666666666656342222222221232223223223222322234444454545545445545555455555666666666666666667666666766667676563232322223222222322222222222222222212121011110110110101010110010007077666766676676670012111111010000000070070777777677776766766766666666
3,4422222222222222222222333333434444455555556665666666666564322222223223334334344444544344454564545566566666776766766653322322332222222222122010110101001000007000000707707701221111121000000000070777776766666666666666666666
3,5666566656565652321212212212221222222223234343444344434344445555565656565666566656656666665644222222222222222222222222223223232334545455455555555565555565565565656566566666666676771076544442332323222122222212122112112112112111111121110111100101000067767766766666667112112121121110000000700707000070707676766666666
3,553222222222233234344444455656656565655666666453322212122223223222323233323322323444435444445554555566666666666666766666666664432222222222222321322132222111011111010000000000707776676777767667667666701221221212100000000077067767667666666
2,565454343434343312707707070011222222222222222222222222222232232333333434344343544445545555556555565556565565655656656566566665665665644422222222222222222222232222232223222222222222232210667666666666666676667666667666666666666671222212212212121211211212112111121111210111010010000700770007770776776766766666666666666666666666666666
2,5666566656556455554432011011121212221222212222222323344444444444444444454454445455454545455545555555665554545544433232222222222222222222122222222222222222222232222210066666666666676576567665756666666666567666666666670101011122111111101011100101101010010010010000000000000000070776766666666666
2,45765554544545444444443444220000007000010101001212222333343444344434444444444445444554545454545566666566656556554444444444322131111011211111012222322222222223222200766666666666676666711010100110010101000000070000007000707007076706766
2,5665655655665654422121212111221212222233434444444444444444544445444544544545454544545454557776666666555444444332222122211213233232222222222221111010111011076554554554555656666666767677010101010010101001001001000100010000000000000000000700776666666
2,56566565634212212121222222334344344445444545445545545545545545554545554555555556555655342121222122221222222222212222222222322223222222300766666766667666666666666566666666665667111211011101101011101011101110101101010010000000007006717676666665
2,566565654543531001112122222222232234445453564455455545554545555555556656656656665534222222322222232222222212222222222212222222222006666666666656666666666666666666666666711221221121111011101101111010110100101000006706766676666
2,566565552311212222222333445444454555456555555645643422222212212222222121222122220066666656656566666665665671121011211101101000100000700570666676
2,566666666656565444444434341170070001121222222221222222222222322233334444454454545454545554555555455565555656534222212212212221222222122211370665666566666656667111111101110111011010100101000000000776776667666666666666
2,566666565655656554555455442201110111112112122122222222222222232223223233333344344344443444544454545454555555555555555655566656656656655656655565565456323222222222222312222222222222222222222222222222222222222222222222222232223000666766666666666666766666666566666666666666666666666666666666666666666711212112112212122122122212111121111111111110101011010001000000007000700770077767767676666766666766666
2,56666665556454444434313420006770001111222222222233343444444444444445455645555676767566544544444322212112112323223232000667676711011110100000000000000000777776766
2,5666566656666566565545545455554444444434333434322007077077000000011011011011212212222122122222221222222322323433444444444444444544545545454544545454545454545455556555555454545556565665665654322222122221222122212222212222222222222222223232223222107666676676667666666666666666566656666657011100110121111111200101010110101010010011011010001000100000000700007070676766766666666666
2,566666566656655544544444344434334333322323221076667677777070070000000111221222212222222234444444444444544454444544454544544545545545545655565656453322222222222221222212222122222221222222221232222222120066666666666666656666666566666656666566666566666711211111011011100101001010010000010001000000000000000007766666
2,56666556656456554544444442220000000110121212122221222333334343443444444444444453564555555556555655655543544454443222222222223222222222222121766666666666666666666666700000010121122111013111111010101010000000000070070070707767776666
2,564555556555545444443210000001121112111012222222222222222322223232233223232333343443444444544545555656656565665656565656556566566656665655655555565555443212122121222222222221322222132222322322323222222223222223221776676666667666666676766766676666666666666665675666671211112122122122212121211212121221221122121212111010100000000000700707777676676767676676667666666666666666666
2,5666566565656555444434220000001212121221222122222232333334333433444444454454454545445454545555556555556565665656665666666666767666563423134222132232232223222322232222222222222222222121212112712666556565656666666666666666676667666767122212212121211121111121101010101010101001001000107000077077077077767766666666
2,5555655554433333333222210766677777711111212222222233233223344444444444454444444455545454555566565545454555544222222222222322222232222211000000006654444456666666766666765771010111212121110101011010010000000100000000000077676767777666666666
2,56656565454444341100711212121222222233332344444444445454545454545554554545555456455555565654554341112112121111122222232232332343433117770670677676676666667110111011011110011010100101000000000000777767676666666
2,56665666565665665656565545444444220000011112122121221221221222222222322332332343343434344434444445445555565555555455455456676676676767666666655556566556554454443434232223222222222121211212111211111223223233334233223223232210676676766777777767667671011011111111121101100100000000700007707070777767767676766666
2,555454444433434343343333210777777070770000000112222223223223233233334344443444545454555455555545554555555555555545434221222122121212222122222222116766656666656666556656656711012111111011101111110111101011010000000070070707767677676766675766666
2,565656654444443322333220007676670701212212122222234344444444444454445454545556565666544222122222222222222222222222107666666666666667101010010100000000000000000707666666666
2,566665655444544544444444344422000000000000000101112222222223333443434344344444445445455454545545455445653565455564554553312011221222222222222222222222175706666666666656666666711101110101101101100110101010000000071070070770077076766766
2,5665655656555544545454545443210010101010011112211112222232333334344444444444444444454444545445545554454455555545655565666565322222222222222222121212212112222222222221006666666666666565565656656665670111111111010010101110010100100000100000000000000007007706776776766
2,56565663422122121222222322232234344444444444444554555545455454554545554554554555455432222122221222222222122222222220066666666666666566666656667011011011101101011011010111011011000010000000006717077667666766666666
2,5666566554432101221222222222222223234334334344444444454455455454545545555565656565665666565665654432122222213212222222222222222222222222222222222222222222222106766657657665765765757657657665766665666666666671221212121212111011010110101101010001000000707070770770676766665766666
5,55444445444445444444454444422212122212222222222222222332323323234344344454554555555656566566666666676667667666674442222322322232232221222212212121121101111010000000700767776767767676666666666666666656665700000010000010000000122222222222222222222222222222222200666666666666666666666666666666666
5,544544444444444444444443333322222222222232323232333233334344344444444444444444454444545556656665666566666665766666666700070007007000664444443434444434423222222222222222212221222122212121011000100000000000000000000000700770776777677676767666766666666677770000000010000000011222222222222222222222222222200666666666666666666666666666666
5,5655444444444444444433401211212122222322333333434434434555556556556556656565656656566666534212222122121212212112112112121121110000070070077076777767666666665656670000000000012222222222220066666666766
5,4544434444444444444433111212222122222334434444444454566566666656666666443222221222122222212101100000000070070076666666666656666700000700000122222222222222221006666666666666666666
5,566665666665666656656665354434444445454341111221212222222222222223223232323433344344545555655656556656666656666666666666644422222222212222212222221211212121111201100000070077776776767667666766666666566665665700000007121222122221222221222200
5,45544444444443443422221222322323333444344344444444445454545545565666566676666676667777770770707007000056444442353434343343332332223222223222221222121111011010100001000007000700700707767676676666656700070000001122222222222222222322223000666676666667666666666666
5,45444454444444544444444444444344352221011011112122222323323433434343434444443444444545556556656565665656656567770776435333431322122121221212121221121120110000000000077100070707070777777667666666656565455457000000000000000000010000012323323323232323232232223223232233117676676766766676676767676767767767766
5,56666656666665664544444444444341222212223233343434444444545565656566666666666677670700706644434433332322222222222222121211211100000000007006717677676666656671000000012212222122222122222222200666666666
5,5666665666666656665665666656656666655454444444454444444432212122222222222232333334344434444444444555556566666666566666700700664444344232222222122222222122111101710000000000007007707777667666666666666665670100000000001001222221221222212212221222222212222222122006666
5,565655655655555454544434322222222222222223334443444444454455556566666666666766443134222222221221221112100100000000000070706767667666666666667000110112111211211222222222222222200666666666666666
5,4544444444444444444444444444444432101101211121212212212121222222222323223334344434444344444445454545455556556556555556565666566666667677776770700070007065443444434433423333233223222221221221212121111121112121101010110100000000000070000700077767676766766666656665656566566565655557000000000000000000000122222222222222222222222222232222222222176666666676667666666666666666666666666666
5,454444444445445452342222222222222222222222234444444444454445566666666666666666766666666667644322222222222322222222222222222212100001710000000000070676666666666666666666670100000000001222222222222222222222222222222006666666666666666666666666666666
5,5644334344444444445454321211212222223223232322323223232323343334344434443544455556555665656656656665666666666666666667766443232222321322213212222212221221212212121112111010000007000700700777777676767676676767667676666666666570000000000001222222222222222222222222222222222222222220076666576575765766665765766576656766567657666
5,556444444454342222222222222223444444456566666666667656332222223222221121010000000000676666666666666700000122222222222222200066666666666666
5,5444444444444444444422221221222122222222222232223223222323343444444444444444444544545454555565656666666666666667676777077767767767777770754434333323323323333334233223222222222222222222121211101101010010010000000000000070000077766766766766766666666666666666566566670000000000001222222222222213221232132222222213222221006666666666666666666666666666666666666666
5,454443444343434444543412122222222222222222233334454455455556666667057067566565654532111221232331322222221110110171200000077677676665666666666666670000070707013323223222322222222222121211207655656666666666666667676677776
5,5655645344434444444444322121212122222223333343344344443443443444444444454454555656665666666666666666666644322222222221222222222122212110101010000000000000700070070007007077077776676666656656557000700000701112222222232222222107666666667666666
5,56666666566666666563544444444444444444342111212222222223334344444354545545455556666666444222212221210111010101001000070007077677666666664575657000000000000001222222221222222212006
5,566666666666666666666666544444444444444321212122222222222232232323333434344444566566666666666666666666666666666554321222221322132132212321222222222122101000700700707776767676766666666666666665700000000122222222222222222222222222007665
5,566665666566645444444444444344442310121121222232332353344344443444545555656566566665666665663422122222122221221212112011010000000700067170770767676666665665570070000000012212221222210
5,54443444444444444444444444310012222222222223332334343444434444444456666666666666676667764533232223222222222222222121000000007000070000770677777667666666666667000000000000000012223222222222222222232222222221766766666666667666666666666666666
5,56656665666666664573543443444444444434443513101001001121212222222333333343434434444434444544445444554554554555555555656656766765632323222221211212111110111011010110100001000000000700071700707707777767666666666565645657007000007711222222212212221270
5,5444444444444443444444444444432222222222232322343443444344444444455656666566666666666666766543222222222222222222221222121110000000007000700070077676676766666666670000000000000000000000012222222223222222222222221766666666676666666666666666
5,5666665635444434443444335443444342301011112212122222222222222232332333444434444444444454454554555556555665656665666666665653222212222212222122121112111201101110100000000000000000771777777676667666666656666665665656557070000070070007001222222222223222232222232220066766666766667666676
5,5666666566666666666666564434444445444444444444431012121121222222222323233233333343434343444445555556666666565566666667676676666543222232232322222221121212222221121111000000007007070707777767767766767666666665655657000000000010001222222222122221222222221006666
4,5445445444544544554545454545454435322222322222222222222222222233444344443444444444422200070000000007000700122222222222006666666666667007000000000070664444344444444445666666666666666666676666701010101101001011001000100100107
4,5444444454444445444444544444444444445444443444342322232222222222222222222222343444444344444434444310000000070000700000122223222222222222076766766666666666677000000070000000000765444444443543544434456666666666666666676666767000000000001000000000000000100001000000100070
4,5344344444444444444544445555556666767676777777070700700007000664444443444343434334333233232322222221211110100134444344444444444444444344444444443444444444434444444344444444212700000000007000000070000000007000000000000007000000000000070000000007000070007000706
4,45445444445444444544444544544454454322222222222222134444444444444444442200000000000000000011000007000000664444444544566666666666700010010000010000100000010001007
4,4454444454444454444444544444445455556666667677777707707707070000000006644444444444343343343343323332322232221211344444544444444444444444434444444444444220000000000710000000000000000000000000000000001000010000010000001000000000006
4,45444444444444444444444445444444555555666666666766767777767700707000700000006644444444443434434333333233322232232222221212111344444444444444444444444444444444444444444422000000000000000000000000000000000000000000000000000000000000000000000000000007
4,556565535644544454545454445444442353323222322232344444444444444444444444454442201000071100000000000000000012322222222222122006665666666666766700000000000070000000000000000000067
4,555565455455454544554545454544535444442322222222222222234445444444444544444444444444444444444444222000000070000000000000000100000000100000122222222222222006666666666666671000000000100000000000000000000000066
4,4455454545454454545545554554554555555655342222222222222222222222234444444444444444444422000000000000000000000122212212227005665665667000001000000000000000000000000001000066
4,565555655555545555455555554554565455452341212212222222222223445444444445444444522200000100000000100001222222122207666666667001010010010010010100100011007
4,45455545555455455455455545545455454545454545454545445232212221222122222221222223444444444444444444220000000000000010000122122222122217156666656666567000000000006664444444444445666666566666665666566710010101010101101010101101110110110111011110111007
4,554554555554555545545545554554554442232222222222222222222344344444443422000070000007011312221220766566656700000000000000000000000000000016
4,444444444444444444444444444444443322222222222222222222222222234444444444444445444444444442201000000000000010000000000000000000000000000000076544444444444444445666666666666666666666666670000000000000000000000000000076
4,45545454545445454454454544545454454543422222122222221222222212223444434444343422070007000070011222100656666700000000066644444443445666566666665666666656710010011001010010010100101001010117
4,44444544444444445444454545445455566565644422222222222222222222222222223234444444344444220000000700001222222222212221212270665656665666666666700000000000000000066444444454444444456666666666666666666670120101010010171100000010000000000006
4,5445444444444444444445666666666666666566666666667000000000000001000000664454444544444444444444443222222222212222222212222222223445444444444444544444444445444444444220000010000000001000000001000000000001100000000000010000000077
4,555455555554555555455554554545356444342222222222222222222222221234444444444344444442200000071000000000700000100000700000000070000007000000067
4,5555565656565555545545555556555555555455454545455565565554545322212221222222222123212222222222222222222222234444444444444320100000000000012222222122221222170656666566666666570000000100000100007645444444544444444455666666666666666666666666666666665666666711211201110101010110111211111211111010110112121122121111120066
4,454454545454545555543532222222223222223444422000012222220066666667000000006664344444456666766666671101101010101017120006
4,45444445354444444444545565566666666666766767677700000000765444444443433232323232232222222212212123444444444444444444444444444444432010000007010710000717100710701007010710010010000000000007006
4,44444454444444444444344444444456666566666666656667000070000000000000000000000000066454444444444444434444444444444443422222212222222222222222354444444444344435344322007007000000000007001122222220006666666670000007000000000000000000000006
4,4444444454445445445454566666555444222122121222223223222322222232234444444444444432107000000000000123222222200766666666700000000000000764544444443444456666666766676676667000101000100100107100076
4,54444445444444444544445445555666670777007070070707000065634443434434344343433323222221120113444444444445444444444444444444444422000000010000000000000000000000000000000000000000000000000000
4,555554545545445445445455554321122222122222222234444444444434444442200000000000000070000000100070654444456666666656670010010001110101111107
4,56455455555555556555554523222122212222222344454221000122222223200066666666700010001000000001067
4,54444444544444444444444454444444444443222222222222222223444444444443444444444443210000070000000000000000012122222222310766666666666700076454456666666666666670000000000001000000000000000100007
4,544444344455566566667770700707544343443433222222212211344444434444444444444444444444444444444444444443120000000070000000000000000000000000000000000070000000000007176
4,4555655545445445454555454554554545453222222222222222222223444444444443210000000007112222222176666666700700000000000754444444444444456666666666666666710101101101101011001001011112110006
7,4574444445422200000012222222222222222222222222223445545454454554545545445545454544544454453563545445544522201100100010100100100010100101011010101101010100101100107766666666666666666666666666666
7,44222222222222222222222222222222322222222222223345555554545455545545455455454545545545555555555455445454454454422010100100101011111111110110110101101011011010111010110110111201000767666666676666666666666666666666666666666666666
7,452222322222222222322222222222223222222222223555655555455555554555555555554566666666666656666644222221222222223554555545545455454545455455454545222010110101011010110101101101111111122221222122222222222200666666666666656667111111011111110111111111112111217056666666666666666676666666666667666666666667666
7,566666666575765676666666564322222222222222222221222222221222222222222234445445454545455554545454445454456666676665332222223445445445444545454545454544544454543210100010010010101101001001001001001122222222222200676666666667010100100101110110110100101001000076666666666666666666
7,5656656666666666656666666666666666666666666666664422222222222222222222222222222212222223555555555555555556555545666665664422123545555455545454545454544554522201101010101010101011110111111212222222222222006666666666671111111112111111111111122212170
7,5442222222222222222222354445444545454544556666666644222222234545454544454444544444220100000010001001101001122222222220066666666670100110010001001011007666666666666666666666
7,563322222222222222222222232222222232222223455545555455545566666667666442232222234545454554554545445545445544544522200100101100101101001101101101011223221157676710111101110111112107666666666667666666667666666666667666666666
7,3422222322232232223223222322222222222222222235554554554554545545566666666666666664442221222222222345454555545554555554544454544445445222010001001000101110111011111100101011222222222222222200666666666666670110110101101101111007666667666666666666666666766676676667667666666
7,442222222222232222222322222222322222122222222354555555455545554555666666666656532212222222345445454545454455454453554444454544423001001000010001010011010101010101001012222222222222200666666666666710111101111110111111170665666666666666666666666666676666666766666666666
7,442222222222222222222223222222223455455454554545454544544454444445444445445312010000100000010000100010101010110101101101170666666666666766666666666666666666
7,5666666666666666665432222212222222222222222222223454445454544545444566666666656432222222223544445445445445454444454321000100010010010010010000122222222221076666666667100100101010100010000766666666666
7,56666566666666666666666666644422222222222222122222221223444544454454454454445566666664441222223444454445454444444544431010000007120001100000100122221200665667010010010010010000000167
7,5654544544221001001222222222322222221222222345444545454545454445445444445444556666666666444122222222345454454545445445454445422200010100101001010010010101222222200066656671000001000100010010101011000100100676666666665666667666666666
7,5444443444321070000122222222222222222223444444444454444444444444454444545676666667666766544222232232222222344444544445454444444444544444445322100000000100000000001010000000010122222222222176666666666700001000000100000000000000001001117666766666666666666666666666
7,556555656666666666666766667666764432223222232222223222222123545454545445445444544545664423454445444544444454222007110000010001001012200670100010010010010101011011011107
7,564322222222222232222223223222223222222223223222335445455455554554545455454566666676666667667666666666666654232222222222222322223222222234554454545455555555454545445444545444544445444422100000010001001001001001011111111010101010101011232222222222322222322222222210676666666667666666676666667010101011011110111001010101766676766676666666766666766676666676666666766666
7,442222232222222223222232222232223222322223223222322235555545545545454454545444544454454545545454545454454545544442101010101001010101011100110010001000101001010101011011111121212017666666676666676676666766667667666676666766666676666666666
7,4422322223222222232222222222222222222222232222222223566566566555655655554555555554545455454454454544544544544454444544454230100100001000100100100101001001001101011111011111111112112121221221222122100666676666666666666766666666666666666666666766666676666766
7,544443101122222222322233556545454454544544454544454445354444444321000000000001000100100100100101001112011010076566667666666666666
7,442222222222222222222222222222222222322222355554555545545554554554545545445445445445444544544454454445445445454443110001010001001000100100010010010010010001010110110111011011101111111110126766666666676666666666666666666666666666666666
7,5666644222222222222222222222222222235455454545545555454544544445444445444544453220001001000001000001001001110111011010110101010766666666666666666666666666
7,56666666666656666666442222222122222222222222222222222222222222222222223556555655564555455545554555455545554555455455455545454545545445442210100100110101101101101110110111011110111011101101111112111212121171666676666766666666666666666666666
7,564322222223222222222222232222222222222344454545444554454444454444566666666564322222222344454445444444444220001000000100001001222222222106766656666701000001001001001001010100007666666676666666666666766666666666766
6,55655556565665556456454554454543564454544434444433322322231221111010010100700767677676666570101010101211212121211112110
6,565655555555555655655565545554545454554554544443444344343434332332323232323232322222232222222222222222121111001000007007000707070767666766676666666666666666666666666656656556700101110010101101111121112112111111111112222100666
6,56565645545554544545435445444444444444444444334233333323322222121121110000000000007700777676676666666666570000001010010101101112121220066
6,555555555555655454454445444544444444444443443323222222222210101110100000707070777666766666671001011112111111011212200666
6,56655645455454554454444544444444444444433423323323322232222222211111011000000077767676666666666666666665700000000100101011010111221222222222232016766666666666
6,566556556555455545554554544454444553444444443444434343323323222121111101171100771777776766666666766700100010101101101110121112121221006
6,45655655655565454454444544444444434344344434434334333433333232323222222221222221211211101101101001710100070707077766766666666666666666666656665666655565356670070000010000100101111211211121220766
6,565665665656565655656565545555545545454544445445444444444443443534434434343333332323223222222212121110000000000000700070077070777676667666667676666670001001010111011111111212121122122121221212006
6,556545555555555555555455555545554554544445444434443443434333433313222222212121121110100100700707767766667666666656566555671000010011011111011111111111111011111111117
6,566565665655655655655654545454444444444454444444444444443443443434334232232222122122122121212710010000000000716776776666666666666666665655700100000000000001010111121121121212121221217
6,5665655565565554545454545454454444544444454454444444444434434343333232322322222222222122121121112111100100007077777770776766676667666676666656656557010000010010101001101011112112111221222222222220066666666666
6,5655555655545454454454342322222122120120107157666666667011111121111270
6,5656656555555565565656565565544544544545454545454454544545444544444444344334233323332322223222222212121211121101000000000707776777776766766666667666766671001101010010100010111121212122111210111211221222007
6,56565655535545454554444444444444445444444443444434343323232222222221211010017110000000671766667666676666665657000010000000000101100171211121222323333442220707076776776
6,565665665656555454545454545445444454445444544444444444443343343423232322322223222322222222322223222212212212110101000000776777767766666676666666666666666766665666656666570000000001001000010010101010010111112122122122222222222222222232107666676666666666666
6,544445444444544444444544445444444544355444444444423222322121121121010001000000007066666655656567100000010000000001000000100001006
6,5455556555554544544454445444445444444445444445444444444343323223222232222222222212221221121100010000077766766767676676666666666666676700100000010000010001001101121211110107
6,5656656565555655655655555564565445454454444343343223232222322322222211212711007070676766765655655566445667770700101712001111121111121112111211212212122076
6,5655555556555545454545445445445444444444444332322322222221211212121000007076766766766666666667100101010010111111211101212122220066666
6,55555454554545454454544444544444444444444444443423532232332222232221222221212120121100100070777676766666666666666666565656670000000100001000101001010101111111176
6,56565544544445445455454544545445444444443433333343323323232332232322232222222222222212110110010010077777677677676767677676666666666666665665655454445770000010010010010110110001001000111221222223223222332323232232332343434422000007770677676676766777667666676666666
6,565655545445445444544544444544444444564422343434434333232322322222222321212110110000707677667667667666666666666667700010000001001000100100101111222233323323322006776777677667
6,56665656555566565655544544544445444444444444444444443432343333323222322222222111111100000000700707707007077766766766666655655700010000100111212121120121221222222222222210066666666666
6,5655655554555454454355444445444444444444434444434344343332333223222222211110000000071707707077767667666666666700000000010000100100111111111217
6,565655655655555545554545455455545454544454444444544444434444333232223222223222222322222221212112011010101000000000007767677706766766666666656665655565556570000101011101110010111011111111211212122221006666
9,5455435644444444434333333434134222121110101001234443444444444444444545455656676667667677445322322322232222211210101010000000000070000070000671700770770706766676666666
9,56554454444444444444443443423222322222222122221234444444444544545445455555655656565655655556556566566656666666533222212221221221221111211121121212121121111001010010100001000710710001010001000007007007676776766666666666666
9,557554554544444444444433323322322221221222344444544444444544454545554555566666770774543342323222122110111101011001000000000100000000000000070070700070077067766665
9,5665656565655654545544545444444444434323223222222222122120101010134444444444445444544454444544445444444444444444422000100000000000001000000100010001000000000000000000000000700000000000767666
9,5656556455454454444434234332322232223423544444444554545545445545555455422201111010110101010101100000000000070000000000000000000007007666
9,5665545444434323222222222222222212121113444434454444444544445444454444444544444445454545545556566666767777777076643434333332323222222221210110110110100010000000000100000100010000000100000000007012232332301776767676675766676666666666766666
9,5566656565564544523563433423222221221121012344443443444444444445444555456545656565665666666666667676767775663332332232322222222222221221221121111111010010001000007000007007000070007000077766
9,56666656665665655555445445444343132212122121212122121221344444434444444444444444444445444444445444454456666566667677071700000700000664444444433544344333322222221222121010000100000010000000001000000000000070000700000000000071775766
9,564554445444443433432322222222111013444444444444444444444444444453301000000000000000000000000000000000000000007067666666676666
9,566565556565656656565555444454444444434333232223222222222222221221212101111113444444544455455455454454454455554555554555655556666666670007007665343443443422222222122211112110111110111101010010010101101101010001000000000000000000000007776767667666666
9,5655452356343333333232232212211223433434334334333442220707707770707707077070707070770766666666766
9,5666665666656655554444444444444343233232232322232222232222313213222233443443443444344444443444445656565656565656565566565666665666666666667666643232222222222222222122221212121212121121212121212100070000070000007007000700707007007070707070700707007070777666766
9,56564444444444444433533222223222222222344434434444344444444566656666666666665513222222222222221222120000070000070071070070011000070000000100070576667657066666666
9,566666665665656565655655545444445434433333233232222222122222122212221222212222122122121134444444444444444454444454445445454544445454454545555656666666666767677676777767767776770770754434334233323323333233232323232232222221222121110110100100100010011001000100001000000100071000000000001112112111110007666766666666666667667666676666666676657
9,45643444444444454445444222222222222222344444444444444344443445666666666666767001007554444444132322222222322122210000000700000000000000000001000000000000000700676666666666666
9,56665656565665656565655554454444443423223222222222221222212344544454445445445445454454445445321001001000101010010001001000100001000001000000000001000106765
9,55645443423232222122344444444456677676452332322221271000000000000000070766666666
9,5654544544444322232222222344344443444345566676766765442223223232221210000007000070000700010100000076676666666
9,5666656665655545544444353333223222322222234454445455454545545455545544545311101010111011010110101010010001000011710000000100000006666666
9,55454554544454444433323322222222222121121112133334444544444444544545455555665666666542322222121221111110001010010000000000000070777007707677677767676666666
9,5666666666566555656456455454545444443433422332222221234545455554555555455545545431201011011111101111011010101011001010101010101010171000767
9,5655655544545454454454544445444434343323222322223222222222122234444444454444444444445444445444545566666666666666676767670707707654343343432323232223222222222222221110100100000100000000010000000000000000001000000000000000000001001000000000666766666666666666
9,565545445444544444444353313222222122234444444444444444444444443444444421000000000070000000000000000000010000000000000000770076767666
9,555556555555554544454445444434432322232222222222212211211344454354444444444444444444444444444443543444444444422000000000000000000000000007107107100000000000000000000001000100000000000000012120766666666666666666
8,54444443434443444443344344333333434544545444544454444444342332332323221111101101001000000000707077067676667711001001100100110000700700767676676667666666666
8,566656656555454544444444444434343434323235545545454545455455554554545445454443232222222222322222222222222221112010110010000000000000770777070776777712112101101001000000000000000007076766666
8,5666666565665656554554535444443323232232223335454454356454544444344434343232332134222221222211111110101010000000077777767676766676671121212121121110011000000706776676666666666
8,5666666666656545455545454444443334333354545545544444443434344343433333223222222221221101100000000000000700700707776767670121211111100001000077077777
8,566566566656656665656556665555454444544344342333232232232232232223544544444434434344235323323233222212211211212111111000000070776767667666666676666666767101011211212121121211201100000000000077667666666666666
8,56556545445444434434333323233232355456555555555554454444434313222222222222212221211011001100700700707706770012011110010700700770706777676666666
8,56556545545444444443434333333223223455444544444434443444344423534323323222222222222122212212112101101001000100000000700700707766766676666666666665665666701111111010121110100776767676667666666666666
8,5666566565545444444444343433341343232232322232222223222322234565656566565565565565555545554554454344443344343343433132322122222221222122111211210111010101010010000000000700707077771212221221221211171207067676776770777776776777676767677666666666666666
8,56666656666565556555545545544444334322232222212222221221222355565554554545545554556555454544444434343334333232323222322222211212112121111110101010001000010000010000000700070067076676670122122122012011071200677677676676666676666666666
8,566665664544443434433233232232323222223565665656656565565555444444434343433433323332322222222122112112110111011017100007007700707771221221212112120131000007707706766766676666666666666666666666666666
8,55634433434343445545444544444444442342321211100101000007707717012110101007067676766666
8,5655655656554545454545444434343323232335555555565455454545445444444444443443332332223222222222221222122212212212121212121212121212121112101111010100007000007777766766666666666666666666665666666666666671121122212212112011111121101000077776676666666666667666666
8,56656554444444444443434333323323333233334454545445454443443443443433334333323232222222222121121110100700770770707770776776777677767770101011110100010000000007007070066666675766666666666
8,56665454444344434434344334444344344355444544444444444443332232323232222111717100000070770776777776707120100110010101011011010100006706667666666666666
8,5665656555656556565555454444444443332232355555545554554544444434434323232322323223223232322322223232222212211212111101010010111101000000007077677676767666667576576666666675766712212221212212222122212112212122120100000676667077766766676666666666666
8,554444334434556556555545545545444444434322222222221221210101000000000000007001122112112101100706666666666666666
8,56556554554454454454444433345443445454545444544444443444344434222222222122121210111101111101070707777777767766771111111111101110000777777766666
8,56656565535644444343443434344233356565544444444434343433232222222221222212112111000000000007777577101010000000000000707767667667666676
8,56666666665654444434443333323232344333554545444544433343332322222322222222010010100776776777777677001121111000000000000700776667665766
8,566555554445444443433232322322323555545544555445434343433432322222221212012110101000007070706717777677100100000000000007167767666666
8,56564545454454343333223232232335545554554544444444443443433232222222222222211221110010100070700070077776770111211000000776707077076776666666666666
8,56645756565655545545354454443423232232222233454544544444343534334333333433433332313222122212211101010100007000770777077766776767676767676701211111110127120010000007067667666666666
8,5655545554454444444443434343323232223223223454556566656666566665666564444454444444444444443434233232232222222222222222221221212001010101000100000000007077070776777012211211011100000000007070777076767676667676666666
8,565655555645554454444435232322322322345565553564444444434443343342232322222222222222121212121011000007006777677676767677677011211101101000100077067677676676666
8,566566566665665656565554544444444433334323323232322323355554565565545454444443444353444444433223223222232222222222122122212121211110100000000000007070700707776767666766666667670111121111101111101101000000000776676666666666666
